1 1 388 405
1 2 62 80
1 4 125 138
1 5 155 178
1 6 35 52
1 7 497 519
1 8 356 378
1 9 246 262
1 10 413 432
1 11 304 321
1 13 329 344
1 14 103 112
1 15 273 294
2 1 393 411
2 2 72 84
2 4 131 140
2 5 162 185
2 6 42 57
2 7 505 556
2 8 363 386
2 8 533 560
2 9 252 269
2 10 420 438
2 11 311 327
2 14 97 120
2 15 280 301
3 1 347 368
3 2 198 219
3 3 11 38
3 5 487 507
3 6 407 426
3 7 256 280
3 8 318 339
3 9 124 155
3 10 427 450
3 13 71 82
3 13 458 482
3 15 518 533
4 1 343 365
4 2 196 216
4 3 10 34
4 4 96 120
4 5 485 507
4 6 403 423
4 7 252 278
4 8 316 337
4 9 124 153
4 10 429 446
4 13 455 478
4 15 514 533
5 1 509 519
5 2 444 464
5 5 537 562
5 7 42 65
5 7 330 372
5 8 273 294
5 8 478 494
5 9 9 33
5 10 169 190
5 11 168 187
5 11 274 293
5 13 73 97
5 13 385 405
5 15 331 343
6 1 522 541
6 2 466 488
6 7 3 23
6 7 69 89
6 7 372 379
6 7 444 461
6 8 5 13
6 8 295 310
6 8 490 519
6 9 35 56
6 10 194 215
6 11 193 212
6 11 296 318
6 13 99 120
6 15 379 397
7 1 356 370
7 2 574 593
7 4 296 317
7 7 49 59
7 7 243 285
7 8 54 87
7 8 114 121
7 8 224 243
7 8 260 284
7 8 308 328
7 8 345 372
7 8 593 601
7 8 633 657
7 10 505 530
7 10 602 622
7 13 215 228
7 15 540 561
8 1 263 279
8 4 202 210
8 7 150 186
8 7 446 458
8 8 212 262
8 8 478 580
8 10 412 437
8 11 508 531
8 13 381 401
8 15 448 468
9 1 176 198
9 1 366 378
9 2 83 108
9 3 231 247
9 4 465 483
9 5 500 514
9 6 59 81
9 6 293 309
9 7 11 21
9 7 526 549
9 8 589 617
9 9 115 125
9 10 150 160
9 10 341 360
9 11 146 171
9 13 258 276
9 15 433 462
10 1 99 123
10 1 398 409
10 2 13 33
10 4 391 414
10 5 214 235
10 5 427 438
10 7 379 389
10 7 443 481
10 8 512 542
10 10 74 93
10 10 267 283
10 13 187 196
10 15 359 388
